99
2
0 0
1 0
2
1 0
2 0
3
2 0
2 0
13 0
1
2 0
3
3 0
0 1
19 0
3
4 0
0 1
1 1
3
5 0
0 1
2 1
4
6 0
0 1
19 0
3 1
7
7 0
8 0
16 0
6 1
21 0
5 1
4 1
3
8 0
16 0
7 1
1
8 0
10
9 0
16 0
6 1
37 0
0 1
10 0
0 1
37 0
5 1
8 1
2
10 0
21 0
1
10 0
6
11 0
16 0
6 1
10 0
5 1
9 1
8
12 0
0 1
6 1
10 0
5 1
9 1
16 0
10 1
7
13 0
16 0
6 1
14 0
5 1
12 1
11 1
2
14 0
15 0
1
14 0
4
15 0
12 1
13 1
15 0
2
15 0
12 1
4
16 0
15 1
17 0
14 1
3
17 0
17 0
18 0
1
17 0
2
18 0
3 0
2
18 0
4 0
2
18 0
5 0
2
18 0
6 0
2
18 0
7 0
2
18 0
9 0
2
18 0
11 0
2
18 0
12 0
2
18 0
13 0
2
19 0
20 0
4
19 0
20 0
13 1
19 0
2
20 0
21 0
4
20 0
20 0
16 1
12 1
2
21 0
22 0
6
21 0
19 0
18 1
19 0
17 1
22 0
2
22 0
23 0
4
22 0
23 0
19 1
22 0
4
23 0
24 0
20 1
23 0
2
23 0
24 0
3
24 0
22 0
21 1
2
24 0
25 0
3
25 0
26 0
28 0
3
26 0
28 0
27 0
1
26 0
2
27 0
22 1
2
27 0
23 1
2
27 0
24 1
2
27 0
25 1
2
27 0
26 1
2
27 0
27 1
2
28 0
30 0
4
28 0
30 0
29 0
28 0
2
29 0
28 1
2
29 0
29 1
2
29 0
30 1
2
29 0
31 1
2
29 0
32 1
2
30 0
31 0
4
30 0
31 0
33 1
30 0
4
30 0
31 0
34 1
30 0
2
31 0
32 0
4
31 0
32 0
35 1
31 0
4
31 0
32 0
36 1
31 0
4
31 0
32 0
37 1
31 0
2
32 0
33 0
4
32 0
33 0
38 1
32 0
2
33 0
35 0
5
33 0
33 0
6 1
34 0
5 1
2
34 0
39 1
2
34 0
40 1
2
34 0
41 1
2
34 0
42 1
2
34 0
43 1
2
35 0
36 0
3
35 0
35 0
44 1
3
35 0
35 0
34 1
3
35 0
35 0
33 1
3
35 0
35 0
45 1
3
35 0
35 0
46 1
2
36 0
38 0
5
36 0
48 1
28 0
47 1
36 0
5
36 0
6 1
37 0
5 1
36 0
3
36 0
44 1
36 0
3
36 0
45 1
36 0
2
37 0
19 0
1
37 0
2
38 0
12 1
2
38 0
39 0
4
38 0
6 1
19 0
5 1
2
39 0
49 1
2
39 0
50 1
2
39 0
51 1
2
39 0
52 1
2
39 0
53 1
2
39 0
54 1
